36347
38382
24928
6783
63732
11831
35299
18142
20934
15777
4662
4208
53203
16272
62433
33868
64274
9379
64377
11891
54007
50624
16953
41889
64239
11661
15469
30224
61240
62108
56557
30058
26287
43334
53218
24939
19008
48060
4997
58956
40463
23829
43793
45064
31824
31026
62154
8203
52112
25594
21054
7773
45841
3657
63375
9723
21756
58060
43681
63991
63739
22728
5326
63675
22354
17088
30830
14900
63046
58272
24187
10083
46742
43604
18165
989
33121
57858
44457
38526
7986
47317
28722
17424
15974
18503
48644
12162
37879
7392
38994
23889
24076
28705
38834
7571
51426
31394
14582
47028
